R = 4;
L = 2.75E-6;
K = 0.0274;
J = 3.2284E-6;
b = 3.5077E-6;
Kd = 0.489767517465838;
Kp = 97.1186920193705;
n = 119827.875340723;
Ki = 4810.14360766501;
